# This file may be used to create an environment using:
# $ conda create --name <env> --file <this file>
# platform: win-64
# created-by: conda 24.11.3
# command: conda list --export > environment1.yml
# 导出的包跟conda list是一样的，setuptools、pip以及wheel 3个包也有
# pip list是conda list的子集：conda list中Channel是pypi一定会在pip list中，还有部分defaults的
# 所以使用pip freeze导出的包是不完整的。conda list --export导出的是包括了conda install和pip install所有的包的，是完整的。
blas=1.0=mkl
ca-certificates=2025.7.15=haa95532_0
colorama=0.4.6=pypi_0
contourpy=1.1.1=pypi_0
cycler=0.12.1=pypi_0
fonttools=4.57.0=pypi_0
importlib-resources=6.4.5=pypi_0
intel-openmp=2023.1.0=h59b6b97_46320
kiwisolver=1.4.7=pypi_0
libffi=3.4.4=hd77b12b_1
matplotlib=3.7.5=pypi_0
mkl=2023.1.0=h6b88ed4_46358
mkl-service=2.4.0=py38h2bbff1b_1
mkl_fft=1.3.8=py38h2bbff1b_0
mkl_random=1.2.4=py38h59b6b97_0
numpy=1.24.3=py38h79a8e48_1
numpy-base=1.24.3=py38h8a87ada_1
openssl=3.0.17=h35632f6_0
packaging=25.0=pypi_0
pandas=2.0.3=pypi_0
pillow=10.4.0=pypi_0
pip=24.2=py38haa95532_0
pyparsing=3.1.4=pypi_0
python=3.8.20=h8205438_0
python-dateutil=2.9.0.post0=pypi_0
pytz=2025.2=pypi_0
seaborn=0.13.2=pypi_0
setuptools=75.1.0=py38haa95532_0
six=1.17.0=pypi_0
sqlite=3.50.2=hda9a48d_1
tbb=2021.8.0=h59b6b97_0
tqdm=4.67.1=pypi_0
tzdata=2025.2=pypi_0
ucrt=10.0.22621.0=haa95532_0
vc=14.3=h2df5915_10
vc14_runtime=14.44.35208=h4927774_10
vs2015_runtime=14.44.35208=ha6b5a95_10
wheel=0.44.0=py38haa95532_0
zipp=3.20.2=pypi_0
